pop.cor true.cor observed.cor spearman.cor
0.2 0.216 0.089 0.192
0.2 0.189 0.095 0.21
0.2 0.224 0.143 0.338
0.2 0.07 0.017 0.038
0.2 0.184 0.154 0.334
0.2 0.226 0.093 0.207
0.2 0.251 0.02 0.048
0.2 0.332 0.101 0.252
0.2 0.168 0.073 0.186
0.2 0.326 0.224 0.496
0.2 0.169 0.098 0.255
0.2 0.184 0.158 0.367
0.2 0.169 0.043 0.095
0.2 0.285 0.13 0.253
0.2 0.046 0.056 0.117
0.2 0.17 0.009 0.019
0.2 0.167 0.05 0.109
0.2 0.173 0.004 0.01
0.2 0.206 0.091 0.204
0.2 0.082 0.087 0.178
0.2 0.159 0.123 0.276
0.2 0.273 0.052 0.119
0.2 0.063 -0.011 -0.025
0.2 0.296 0.151 0.344
0.2 0.237 0.205 0.466
0.2 0.34 0.211 0.512
0.2 0.174 0.069 0.174
0.2 0.101 0.031 0.078
0.2 0.174 0.017 0.039
0.2 0.136 0.087 0.203
0.2 0.208 0.126 0.291
0.2 0.17 0.024 0.067
0.2 0.275 -0.011 -0.027
0.2 0.224 0.162 0.401
0.2 0.134 0.025 0.057
0.2 0.224 0.141 0.327
0.2 0.179 0.128 0.312
0.2 0.231 0.087 0.2
0.2 0.198 0.113 0.215
0.2 0.121 -0.091 -0.215
0.2 0.275 0.08 0.202
0.2 0.231 0.083 0.194
0.2 0.103 0.023 0.053
0.2 0.252 0.03 0.062
0.2 0.222 0.114 0.244
0.2 0.128 0.064 0.154
0.2 0.145 0.074 0.152
0.2 0.154 0.005 0.01
0.2 0.07 -0.103 -0.25
0.2 0.128 -0.059 -0.145
0.2 0.276 0.219 0.589
0.2 0.239 0.012 0.028
0.2 0.219 0.208 0.456
0.2 0.295 0.137 0.373
0.2 0.266 0.055 0.13
0.2 0.177 0.08 0.21
0.2 0.289 0.117 0.251
0.2 0.181 0.054 0.138
0.2 0.225 0.124 0.284
0.2 0.102 0.062 0.162
0.2 0.202 0.142 0.315
0.2 0.244 0.05 0.1
0.2 0.199 0.076 0.19
0.2 0.192 0.129 0.314
0.2 0.14 0.133 0.303
0.2 -0.006 -0.103 -0.212
0.2 0.193 0 0
0.2 0.072 -0.052 -0.116
0.2 0.261 0.098 0.243
0.2 0.226 0.15 0.318
0.2 0.243 0.163 0.393
0.2 0.149 -0.023 -0.052
0.2 0.187 0.134 0.291
0.2 0.221 0.076 0.161
0.2 0.262 0.187 0.358
0.2 0.233 0.019 0.041
0.2 0.231 0.186 0.423
0.2 0.257 0.099 0.208
0.2 0.257 0.145 0.31
0.2 0.159 0.24 0.56
0.2 0.228 -0.047 -0.104
0.2 0.209 0.182 0.418
0.2 0.19 0.107 0.23
0.2 0.298 0.132 0.321
0.2 0.153 0.08 0.196
0.2 0.067 -0.003 -0.007
0.2 0.241 -0.007 -0.016
0.2 0.184 0.136 0.387
0.2 0.258 0.126 0.273
0.2 0.163 0.12 0.27
0.2 0.148 0.004 0.008
0.2 0.348 0.125 0.275
0.2 0.337 0.138 0.296
0.2 0.059 0.037 0.081
0.2 0.2 0.059 0.132
0.2 0.106 0.011 0.032
0.2 0.203 0.161 0.36
0.2 0.208 0.119 0.268
0.2 0.19 0.077 0.165
0.2 0.17 0.065 0.174
0.5 0.427 0.182 0.49
0.5 0.447 0.187 0.455
0.5 0.509 0.125 0.306
0.5 0.503 0.331 0.759
0.5 0.42 0.207 0.463
0.5 0.447 0.203 0.443
0.5 0.542 0.152 0.392
0.5 0.568 0.266 0.547
0.5 0.57 0.267 0.53
0.5 0.554 0.219 0.508
0.5 0.486 0.208 0.484
0.5 0.604 0.215 0.585
0.5 0.427 0.111 0.239
0.5 0.47 0.236 0.559
0.5 0.581 0.274 0.606
0.5 0.509 0.294 0.785
0.5 0.502 0.221 0.456
0.5 0.599 0.256 0.58
0.5 0.48 0.144 0.292
0.5 0.523 0.137 0.304
0.5 0.49 0.306 0.751
0.5 0.53 0.287 0.668
0.5 0.493 0.232 0.512
0.5 0.458 0.362 0.794
0.5 0.444 0.278 0.627
0.5 0.484 0.238 0.547
0.5 0.487 0.17 0.385
0.5 0.503 0.364 0.732
0.5 0.459 0.365 0.72
0.5 0.581 0.215 0.517
0.5 0.509 0.261 0.597
0.5 0.531 0.22 0.597
0.5 0.552 0.211 0.503
0.5 0.568 0.304 0.608
0.5 0.562 0.222 0.54
0.5 0.58 0.372 0.859
0.5 0.485 0.276 0.621
0.5 0.55 0.283 0.654
0.5 0.524 0.183 0.375
0.5 0.553 0.275 0.659
0.5 0.586 0.158 0.345
0.5 0.483 0.204 0.608
0.5 0.538 0.192 0.482
0.5 0.422 0.035 0.081
0.5 0.556 0.336 0.69
0.5 0.386 0.094 0.225
0.5 0.564 0.204 0.571
0.5 0.548 0.29 0.633
0.5 0.489 0.243 0.646
0.5 0.449 0.32 0.752
0.5 0.526 0.294 0.656
0.5 0.406 0.234 0.481
0.5 0.511 0.241 0.665
0.5 0.479 0.163 0.427
0.5 0.463 0.313 0.641
0.5 0.454 0.199 0.432
0.5 0.571 0.234 0.545
0.5 0.568 0.151 0.34
0.5 0.582 0.247 0.496
0.5 0.453 0.195 0.462
0.5 0.514 0.197 0.469
0.5 0.495 0.158 0.361
0.5 0.524 0.269 0.633
0.5 0.546 0.23 0.518
0.5 0.538 0.269 0.627
0.5 0.535 0.335 0.815
0.5 0.434 0.109 0.229
0.5 0.456 0.112 0.244
0.5 0.491 0.198 0.453
0.5 0.527 0.249 0.56
0.5 0.461 0.176 0.404
0.5 0.469 0.28 0.621
0.5 0.519 0.22 0.473
0.5 0.484 0.111 0.291
0.5 0.491 0.241 0.581
0.5 0.516 0.27 0.633
0.5 0.4 0.226 0.522
0.5 0.438 0.235 0.64
0.5 0.525 0.162 0.382
0.5 0.496 0.186 0.453
0.5 0.451 0.102 0.28
0.5 0.5 0.193 0.436
0.5 0.485 0.066 0.158
0.5 0.444 0.069 0.154
0.5 0.481 0.171 0.359
0.5 0.566 0.211 0.479
0.5 0.583 0.304 0.712
0.5 0.52 0.312 0.7
0.5 0.448 0.163 0.452
0.5 0.508 0.246 0.642
0.5 0.52 0.209 0.475
0.5 0.451 0.228 0.507
0.5 0.458 0.112 0.268
0.5 0.607 0.406 0.838
0.5 0.619 0.27 0.63
0.5 0.557 0.191 0.498
0.5 0.465 0.086 0.168
0.5 0.515 0.195 0.414
0.5 0.48 0.185 0.471
0.5 0.469 0.189 0.481
0.8 0.796 0.395 0.802
0.8 0.806 0.338 0.777
0.8 0.802 0.339 0.743
0.8 0.809 0.379 0.859
0.8 0.804 0.416 1.108
0.8 0.798 0.342 0.734
0.8 0.767 0.309 0.702
0.8 0.836 0.406 0.838
0.8 0.762 0.396 0.941
0.8 0.789 0.308 0.7
0.8 0.786 0.234 0.57
0.8 0.806 0.456 1.15
0.8 0.816 0.347 0.874
0.8 0.817 0.351 0.919
0.8 0.84 0.332 0.847
0.8 0.817 0.279 0.914
0.8 0.814 0.295 0.715
0.8 0.828 0.313 0.694
0.8 0.802 0.329 0.68
0.8 0.825 0.319 0.661
0.8 0.808 0.341 0.754
0.8 0.807 0.402 0.883
0.8 0.768 0.349 0.731
0.8 0.853 0.497 1.028
0.8 0.778 0.387 0.843
0.8 0.813 0.355 0.882
0.8 0.778 0.343 0.786
0.8 0.763 0.251 0.834
0.8 0.823 0.309 0.736
0.8 0.771 0.34 0.663
0.8 0.741 0.372 0.952
0.8 0.856 0.459 0.943
0.8 0.809 0.333 0.716
0.8 0.769 0.204 0.588
0.8 0.793 0.462 1.031
0.8 0.811 0.482 0.993
0.8 0.861 0.466 0.897
0.8 0.764 0.321 0.86
0.8 0.812 0.347 0.86
0.8 0.852 0.362 0.831
0.8 0.822 0.32 0.737
0.8 0.795 0.273 0.582
0.8 0.8 0.331 0.886
0.8 0.848 0.383 0.844
0.8 0.838 0.468 1.056
0.8 0.822 0.39 1.178
0.8 0.76 0.351 0.917
0.8 0.777 0.188 0.442
0.8 0.837 0.38 0.837
0.8 0.803 0.321 0.724
0.8 0.811 0.337 0.708
0.8 0.798 0.331 0.75
0.8 0.79 0.339 0.762
0.8 0.753 0.244 0.52
0.8 0.816 0.352 0.794
0.8 0.827 0.295 0.592
0.8 0.812 0.427 0.901
0.8 0.806 0.314 0.673
0.8 0.806 0.256 0.615
0.8 0.758 0.289 0.662
0.8 0.832 0.349 0.744
0.8 0.79 0.424 0.988
0.8 0.801 0.312 0.7
0.8 0.771 0.298 0.79
0.8 0.8 0.319 0.758
0.8 0.846 0.472 0.899
0.8 0.769 0.265 0.707
0.8 0.803 0.385 1.046
0.8 0.802 0.349 0.718
0.8 0.821 0.505 1.009
0.8 0.788 0.29 0.681
0.8 0.792 0.322 0.691
0.8 0.751 0.31 0.67
0.8 0.835 0.453 1.052
0.8 0.821 0.425 0.978
0.8 0.796 0.426 0.931
0.8 0.828 0.383 0.956
0.8 0.82 0.337 0.77
0.8 0.765 0.359 0.89
0.8 0.789 0.232 0.553
0.8 0.831 0.257 0.614
0.8 0.803 0.344 0.735
0.8 0.835 0.412 1.253
0.8 0.86 0.422 0.881
0.8 0.783 0.444 0.889
0.8 0.776 0.312 0.802
0.8 0.807 0.375 0.844
0.8 0.803 0.217 0.551
0.8 0.809 0.362 0.788
0.8 0.81 0.402 0.964
0.8 0.828 0.442 0.937
0.8 0.83 0.424 0.906
0.8 0.829 0.371 0.689
0.8 0.772 0.289 0.722
0.8 0.816 0.414 0.94
0.8 0.834 0.476 1.228
0.8 0.812 0.331 0.869
0.8 0.757 0.406 1.36
0.8 0.788 0.344 1.062
0.8 0.821 0.318 0.822
