pop.cor true.cor observed.cor spearman.cor mod.cor
0.2 0.169 0.038 0.131 -0.044
0.2 0.199 0.065 0.181 0.104
0.2 0.219 0.127 0.328 0.302
0.2 0.194 0.082 0.225 0.213
0.2 0.288 0.021 0.048 0.04
0.2 0.217 0.131 0.351 0.287
0.2 0.137 0.047 0.107 0.151
0.2 0.169 0.085 0.238 0.287
0.2 0.264 0.063 0.193 0.033
0.2 0.141 0.065 0.195 0.222
0.2 0.115 -0.024 -0.051 -0.047
0.2 0.145 0.086 0.222 0.149
0.2 0.15 0.13 0.351 0.365
0.2 0.25 0.162 0.502 0.43
0.2 0.206 0.02 0.063 0.056
0.2 0.235 0.112 0.298 0.324
0.2 0.221 0.076 0.196 0.198
0.2 0.238 0.222 0.557 0.504
0.2 0.185 0.065 0.191 0.203
0.2 0.142 0.019 0.047 0.028
0.2 0.189 -0.022 -0.049 -0.026
0.2 0.132 0.102 0.288 0.207
0.2 0.186 -0.04 -0.111 -0.107
0.2 0.037 -0.072 -0.209 -0.161
0.2 0.221 -0.048 -0.136 -0.089
0.2 0.26 0.223 0.715 0.581
0.2 0.165 0.044 0.143 0.231
0.2 0.194 0.088 0.238 0.245
0.2 0.23 0.03 0.091 0.093
0.2 0.295 0.024 0.068 -0.021
0.2 0.076 0.099 0.265 0.191
0.2 0.195 0.081 0.202 0.223
0.2 0.187 -0.023 -0.059 -0.074
0.2 0.261 0.091 0.268 0.276
0.2 0.153 0.061 0.181 0.102
0.2 0.12 0.097 0.277 0.604
0.2 0.279 0.128 0.366 0.321
0.2 0.307 -0.012 -0.034 -0.04
0.2 0.162 -0.014 -0.04 0.021
0.2 0.112 -0.103 -0.403 -0.296
0.2 0.167 0.227 0.598 0.536
0.2 0.103 0.055 0.127 0.127
0.2 0.288 0.106 0.318 0.242
0.2 0.17 -0.015 -0.035 -0.011
0.2 0.291 0.049 0.122 0.121
0.2 0.145 0.072 0.198 0.319
0.2 0.274 0.187 0.564 0.475
0.2 0.248 0.27 0.682 0.583
0.2 0.198 0.02 0.049 -0.04
0.2 0.065 0.104 0.253 0.254
0.5 0.521 0.087 0.206 0.18
0.5 0.453 0.199 0.514 0.487
0.5 0.418 0.124 0.347 0.283
0.5 0.455 0.134 0.406 0.359
0.5 0.461 0.225 0.597 0.553
0.5 0.552 0.207 0.567 0.569
0.5 0.46 0.179 0.447 0.459
0.5 0.529 0.177 0.457 0.345
0.5 0.45 0.198 0.848 0.495
0.5 0.563 0.189 0.522 0.556
0.5 0.447 0.215 0.654 0.541
0.5 0.51 0.139 0.43 0.378
0.5 0.488 0.118 0.325 0.281
0.5 0.468 0.281 0.741 0.624
0.5 0.552 0.243 0.613 0.567
0.5 0.537 0.179 0.481 0.357
0.5 0.569 0.366 0.93 0.773
0.5 0.512 0.104 0.284 0.284
0.5 0.52 0.219 0.548 0.485
0.5 0.479 0.199 0.527 0.503
0.5 0.565 0.227 0.552 0.527
0.5 0.473 0.208 0.51 0.495
0.5 0.546 0.217 0.557 0.587
0.5 0.525 0.149 0.329 0.283
0.5 0.547 0.273 0.736 0.612
0.5 0.4 0.133 0.318 -0.446
0.5 0.414 0.199 0.524 0.541
0.5 0.498 0.305 0.735 0.795
0.5 0.547 0.146 0.345 0.349
0.5 0.494 0.152 0.378 0.345
0.5 0.415 0.143 0.359 0.32
0.5 0.514 0.196 0.598 0.49
0.5 0.564 0.227 0.598 0.571
0.5 0.466 0.129 0.302 0.331
0.5 0.45 0.115 0.28 0.085
0.5 0.539 0.124 0.346 0.35
0.5 0.563 0.269 0.63 0.592
0.5 0.513 0.223 0.666 0.63
0.5 0.526 0.249 0.692 0.57
0.5 0.507 0.253 0.659 0.625
0.5 0.451 0.189 0.472 0.376
0.5 0.54 0.279 0.621 0.621
0.5 0.474 0.132 0.334 0.295
0.5 0.47 0.261 0.749 0.59
0.5 0.53 0.198 0.486 0.484
0.5 0.46 0.164 0.454 0.39
0.5 0.441 -0.061 -0.151 -0.116
0.5 0.525 0.208 0.629 0.523
0.5 0.477 0.155 0.442 0.454
0.5 0.525 0.115 0.276 0.284
0.8 0.814 0.292 0.792 0.849
0.8 0.827 0.352 0.964 0.82
0.8 0.783 0.339 0.795 0.702
0.8 0.792 0.276 0.686 0.596
0.8 0.812 0.333 0.708 0.666
0.8 0.808 0.356 0.934 0.796
0.8 0.8 0.26 0.839 0.793
0.8 0.774 0.255 0.633 0.546
0.8 0.822 0.279 0.643 0.494
0.8 0.78 0.403 0.871 0.766
0.8 0.805 0.304 0.811 0.753
0.8 0.79 0.218 0.742 0.629
0.8 0.785 0.317 0.661 0.65
0.8 0.792 0.364 0.85 0.749
0.8 0.823 0.363 0.916 0.794
0.8 0.816 0.346 0.788 0.71
0.8 0.779 0.239 0.933 0.572
0.8 0.752 0.294 0.741 0.725
0.8 0.826 0.341 0.91 0.775
0.8 0.821 0.314 0.838 0.706
0.8 0.76 0.324 0.879 0.922
0.8 0.711 0.212 0.701 0.53
0.8 0.801 0.313 0.816 0.712
0.8 0.815 0.354 0.976 0.966
0.8 0.784 0.25 0.679 0.534
0.8 0.808 0.393 1.059 0.767
0.8 0.774 0.353 0.887 0.737
0.8 0.781 0.228 0.633 0.588
0.8 0.784 0.328 0.799 0.683
0.8 0.8 0.312 0.821 0.677
0.8 0.822 0.285 0.765 0.633
0.8 0.754 0.328 0.731 0.652
0.8 0.828 0.332 0.738 0.745
0.8 0.737 0.283 0.819 0.614
0.8 0.765 0.219 0.638 0.585
0.8 0.811 0.399 1 0.765
0.8 0.818 0.274 0.723 0.641
0.8 0.763 0.245 0.629 0.601
0.8 0.822 0.345 1.12 0.746
0.8 0.837 0.253 0.576 0.589
0.8 0.792 0.299 0.97 0.606
0.8 0.795 0.199 0.603 0.528
0.8 0.808 0.339 0.717 0.681
0.8 0.821 0.36 0.843 0.759
0.8 0.817 0.323 0.858 0.764
0.8 0.801 0.342 0.868 0.722
0.8 0.772 0.193 0.479 0.648
0.8 0.814 0.291 0.774 0.632
0.8 0.766 0.329 0.849 0.617
0.8 0.824 0.315 0.966 0.763
