pop.cor true.cor observed.cor spearman.cor mod.cor
0.2 0.216 0.075 0.181 0.194
0.2 0.224 0.082 0.267 0.339
0.2 0.272 0.046 0.116 0.072
0.2 0.174 -0.098 -0.252 -0.243
0.2 0.252 0.097 0.274 0.337
0.2 0.213 0.044 0.137 0.202
0.2 0.05 -0.068 -0.156 -0.149
0.2 0.245 0.026 0.075 0.063
0.2 0.223 0.041 0.116 0.138
0.2 0.17 0.109 0.266 0.262
0.2 0.286 0.145 0.365 0.347
0.2 0.238 0.048 0.142 0.142
0.2 0.167 0.073 0.202 0.146
0.2 0.216 0.095 0.267 0.349
0.2 0.202 -0.013 -0.029 -0.014
0.2 0.228 0.024 0.063 0.053
0.2 0.131 0.161 0.35 0.327
0.2 0.208 0.062 0.175 0.21
0.2 0.327 0.068 0.178 0.138
0.2 0.234 0.052 0.13 0.113
0.2 0.365 0.059 0.171 0.124
0.2 0.245 0.202 0.462 0.445
0.2 0.202 0.011 0.024 0.001
0.2 0.283 0.057 0.155 0.15
0.2 0.159 -0.005 -0.015 0.017
0.2 0.173 0.153 0.499 0.452
0.2 0.256 0.199 0.543 0.576
0.2 0.317 0.135 0.308 0.303
0.2 0.134 0.099 0.337 0.278
0.2 0.24 0.037 0.106 0.092
0.2 0.128 0.063 0.173 0.151
0.2 0.095 0.034 0.1 0.182
0.2 0.279 0.065 0.15 0.143
0.2 0.194 -0.003 -0.008 0.051
0.2 0.157 0.007 0.018 0.03
0.2 0.27 0.049 0.127 0.113
0.2 0.181 0.054 0.152 0.131
0.2 0.125 0.02 0.055 0.121
0.2 0.167 0.195 0.577 0.628
0.2 0.199 0.264 0.759 0.73
0.2 0.211 0.072 0.157 0.156
0.2 0.226 0.131 0.366 0.435
0.2 0.175 0.133 0.339 0.406
0.2 0.294 0.09 0.27 0.293
0.2 0.194 0.181 0.568 0.564
0.2 0.1 0.107 0.337 -0.015
0.2 0.239 0.157 0.427 0.338
0.2 0.149 -0.018 -0.045 -0.054
0.2 0.315 0.124 0.372 0.41
0.2 0.114 -0.005 -0.012 -0.006
0.2 0.065 -0.126 -0.457 -0.381
0.2 0.035 -0.093 -0.24 -0.25
0.2 0.213 0.091 0.279 0.365
0.2 0.2 -0.052 -0.157 -1
0.2 0.179 0.079 0.251 0.283
0.2 0.122 0.157 0.498 0.506
0.2 0.151 0.008 0.019 0.055
0.2 0.251 0.103 0.307 0.361
0.2 0.125 0.073 0.216 0.16
0.2 0.128 0.042 0.12 0.06
0.2 0.092 0.059 0.197 0.053
0.2 0.205 0.087 0.256 0.395
0.2 0.175 0.056 0.141 0.134
0.2 0.138 0.028 0.085 0.017
0.2 0.22 0.116 0.298 0.323
0.2 0.315 0.18 0.385 0.392
0.2 0.283 0.119 0.358 0.387
0.2 0.281 0.182 0.582 0.695
0.2 0.18 0.111 0.314 0.322
0.2 0.256 0.069 0.153 0.109
0.2 0.197 0.064 0.221 0.263
0.2 0.102 0.035 0.094 0.083
0.2 0.259 0.138 0.33 0.352
0.2 0.198 0.04 0.105 0.12
0.2 0.231 0.09 0.215 0.237
0.2 0.152 0.118 0.34 0.437
0.2 0.116 0.093 0.277 0.35
0.2 0.218 0.074 0.222 0.297
0.2 0.162 0.022 0.053 0.039
0.2 0.096 0.03 0.077 0.11
0.2 0.29 0.21 0.626 0.652
0.2 0.201 0.117 0.319 0.432
0.2 0.158 -0.012 -0.031 -0.068
0.2 0.284 0.136 0.297 0.341
0.2 0.258 0.154 0.474 0.512
0.2 0.125 0.052 0.154 0.081
0.2 0.219 0.043 0.103 0.092
0.2 0.159 0.149 0.551 0.477
0.2 0.23 0.13 0.354 0.379
0.2 0.298 0.116 0.306 0.352
0.2 0.189 0.076 0.167 0.145
0.2 0.197 0.077 0.256 0.279
0.2 0.201 -0.011 -0.033 -0.017
0.2 0.199 0.088 0.238 0.297
0.2 0.208 0.089 0.268 0.265
0.2 0.272 0.144 0.368 0.389
0.2 0.223 0.271 0.632 0.708
0.2 0.218 0.116 0.316 -0.377
0.2 0.048 0.096 0.218 0.197
0.2 0.215 0 0 -0.063
0.5 0.567 0.26 0.734 0.612
0.5 0.594 0.138 0.402 0.367
0.5 0.44 0.302 0.792 0.829
0.5 0.504 0.23 0.58 0.598
0.5 0.534 0.225 0.621 0.581
0.5 0.527 0.208 0.542 0.522
0.5 0.556 0.349 0.764 0.747
0.5 0.488 0.334 0.985 0.889
0.5 0.476 0.135 0.364 0.355
0.5 0.539 0.119 0.307 0.318
0.5 0.471 0.325 0.883 0.711
0.5 0.575 0.28 0.724 0.699
0.5 0.358 0.115 0.408 0.517
0.5 0.531 0.273 0.624 0.603
0.5 0.447 0.15 0.408 0.431
0.5 0.554 0.233 0.505 0.509
0.5 0.612 0.247 0.625 0.601
0.5 0.473 0.064 0.152 0.132
0.5 0.582 0.286 0.659 0.652
0.5 0.516 0.239 0.646 0.612
0.5 0.48 0.068 0.21 0.121
0.5 0.485 0.119 0.318 0.434
0.5 0.541 0.3 0.86 0.83
0.5 0.516 0.277 0.65 0.623
0.5 0.46 0.096 0.307 0.386
0.5 0.456 0.15 0.41 0.411
0.5 0.553 0.21 0.587 0.619
0.5 0.504 0.035 0.114 0.076
0.5 0.524 0.268 0.844 0.677
0.5 0.457 0.175 0.634 0.576
0.5 0.593 0.289 0.961 0.832
0.5 0.409 0.243 0.945 0.684
0.5 0.533 0.178 0.496 0.471
0.5 0.556 0.247 0.599 0.722
0.5 0.501 0.294 0.643 0.645
0.5 0.5 0.088 0.258 0.325
0.5 0.525 0.307 0.783 0.708
0.5 0.493 0.25 0.684 0.684
0.5 0.534 0.131 0.485 0.297
0.5 0.558 0.181 0.447 0.454
0.5 0.464 0.105 0.287 0.021
0.5 0.555 0.134 0.38 0.443
0.5 0.46 0.15 0.456 0.423
0.5 0.506 0.266 0.79 0.718
0.5 0.444 0.115 0.352 0.155
0.5 0.482 0.153 0.364 0.366
0.5 0.394 0.224 0.661 0.605
0.5 0.454 0.082 0.236 0.256
0.5 0.445 0.097 0.247 0.225
0.5 0.535 0.159 0.389 0.374
0.5 0.538 0.145 0.345 0.325
0.5 0.621 0.203 0.537 0.615
0.5 0.556 0.254 0.59 0.589
0.5 0.572 0.19 0.552 0.586
0.5 0.535 0.243 0.619 0.843
0.5 0.482 0.129 0.319 0.368
0.5 0.387 0.178 0.561 0.616
0.5 0.562 0.233 0.542 0.56
0.5 0.503 0.105 0.338 0.357
0.5 0.404 0.097 0.239 0.311
0.5 0.518 0.244 0.593 0.68
0.5 0.545 0.196 0.576 0.58
0.5 0.478 0.105 0.395 0.334
0.5 0.5 0.321 0.866 0.788
0.5 0.438 0.112 0.336 0.299
0.5 0.523 0.104 0.28 0.278
0.5 0.494 0.143 0.358 0.34
0.5 0.541 0.216 0.578 0.582
0.5 0.424 0.134 0.396 0.411
0.5 0.445 0.1 0.299 0.238
0.5 0.551 0.238 0.667 0.619
0.5 0.496 0.224 0.492 0.464
0.5 0.487 0.288 0.703 0.726
0.5 0.449 0.221 0.643 0.609
0.5 0.458 0.154 0.528 -0.474
0.5 0.518 0.241 0.598 0.591
0.5 0.437 0.143 0.389 0.404
0.5 0.498 0.327 0.889 0.765
0.5 0.509 0.081 0.294 0.284
0.5 0.403 0.058 0.15 0.193
0.5 0.595 0.265 0.651 0.659
0.5 0.506 0.272 0.78 0.62
0.5 0.471 0.206 0.583 0.598
0.5 0.484 0.259 0.825 0.672
0.5 0.482 0.218 0.55 0.998
0.5 0.52 0.169 0.447 0.432
0.5 0.523 0.204 0.553 0.51
0.5 0.511 0.033 0.077 0.082
0.5 0.571 0.357 0.866 0.867
0.5 0.484 0.153 0.416 0.451
0.5 0.561 0.175 0.472 0.466
0.5 0.487 0.178 0.443 0.506
0.5 0.511 0.122 0.351 0.331
0.5 0.507 0.178 0.499 0.536
0.5 0.48 0.222 0.778 0.802
0.5 0.527 0.117 0.267 0.28
0.5 0.484 0.18 0.466 0.501
0.5 0.44 0.032 0.077 0.068
0.5 0.442 0.077 0.218 0.211
0.5 0.451 0.198 0.54 0.564
0.8 0.83 0.355 0.836 0.815
0.8 0.822 0.24 0.826 0.684
0.8 0.793 0.292 0.801 0.719
0.8 0.771 0.247 0.99 0.649
0.8 0.813 0.342 0.741 0.684
0.8 0.799 0.229 0.68 0.636
0.8 0.809 0.162 0.456 0.444
0.8 0.81 0.254 0.676 0.655
0.8 0.81 0.395 0.923 0.844
0.8 0.85 0.418 0.899 0.819
0.8 0.768 0.226 0.688 0.604
0.8 0.805 0.424 0.89 0.839
0.8 0.8 0.378 1.012 0.865
0.8 0.792 0.303 1.42 0.753
0.8 0.797 0.311 0.757 0.697
0.8 0.826 0.299 0.895 0.79
0.8 0.791 0.391 1.078 0.868
0.8 0.844 0.314 0.825 0.744
0.8 0.793 0.358 0.875 0.75
0.8 0.775 0.306 0.999 0.792
0.8 0.774 0.233 0.664 0.642
0.8 0.799 0.205 0.869 0.636
0.8 0.764 0.303 0.814 0.834
0.8 0.787 0.313 1.146 0.803
0.8 0.834 0.342 0.885 0.907
0.8 0.843 0.273 0.687 0.634
0.8 0.827 0.317 0.694 0.765
0.8 0.802 0.225 0.762 0.695
0.8 0.839 0.388 0.907 0.759
0.8 0.793 0.285 1.075 0.814
0.8 0.811 0.32 0.766 0.768
0.8 0.828 0.282 0.715 0.722
0.8 0.768 0.225 0.588 0.601
0.8 0.78 0.344 0.828 0.743
0.8 0.805 0.391 0.9 0.803
0.8 0.792 0.29 0.801 0.7
0.8 0.791 0.327 0.945 0.843
0.8 0.805 0.37 0.889 0.808
0.8 0.843 0.312 0.855 0.811
0.8 0.841 0.327 0.727 0.701
0.8 0.773 0.297 0.929 0.921
0.8 0.803 0.394 0.879 0.865
0.8 0.84 0.35 0.864 0.842
0.8 0.809 0.301 0.883 0.784
0.8 0.781 0.204 0.502 0.519
0.8 0.814 0.251 0.592 0.62
0.8 0.822 0.413 1.14 0.879
0.8 0.783 0.338 0.913 0.832
0.8 0.787 0.221 0.587 0.62
0.8 0.761 0.285 0.98 0.816
0.8 0.799 0.273 0.601 0.543
0.8 0.772 0.319 0.841 0.863
0.8 0.789 0.283 0.66 0.664
0.8 0.803 0.132 0.37 0.371
0.8 0.798 0.329 1.059 0.773
0.8 0.788 0.348 0.952 0.868
0.8 0.834 0.426 1.081 0.889
0.8 0.821 0.379 0.867 0.817
0.8 0.788 0.296 0.732 0.703
0.8 0.749 0.324 0.938 0.768
0.8 0.807 0.352 0.945 0.877
0.8 0.828 0.358 0.915 0.827
0.8 0.81 0.4 1.024 0.804
0.8 0.797 0.293 0.834 0.789
0.8 0.795 0.356 0.964 0.841
0.8 0.797 0.369 0.936 0.842
0.8 0.798 0.273 0.599 0.625
0.8 0.733 0.201 0.738 0.687
0.8 0.799 0.341 0.86 0.797
0.8 0.81 0.341 1.057 0.867
0.8 0.768 0.292 0.776 0.654
0.8 0.807 0.37 0.969 0.792
0.8 0.806 0.229 0.739 0.726
0.8 0.793 0.362 0.925 0.758
0.8 0.778 0.221 0.664 0.549
0.8 0.781 0.33 0.799 0.757
0.8 0.751 0.319 0.832 0.742
0.8 0.792 0.347 1.037 0.863
0.8 0.792 0.389 1.076 0.903
0.8 0.78 0.347 0.932 0.931
0.8 0.812 0.309 0.696 0.714
0.8 0.781 0.277 0.746 0.738
0.8 0.765 0.219 0.618 0.577
0.8 0.842 0.349 0.774 0.747
0.8 0.788 0.303 0.912 0.731
0.8 0.84 0.392 1.05 0.887
0.8 0.817 0.326 0.846 0.831
0.8 0.795 0.308 0.702 0.635
0.8 0.772 0.379 0.94 0.88
0.8 0.804 0.375 1.057 0.8
0.8 0.805 0.411 1.033 0.911
0.8 0.801 0.305 0.802 0.799
0.8 0.819 0.332 0.9 0.766
0.8 0.808 0.272 0.617 0.583
0.8 0.774 0.295 0.899 0.795
0.8 0.805 0.279 0.775 0.674
0.8 0.784 0.279 0.769 0.816
0.8 0.757 0.298 0.713 0.691
0.8 0.846 0.272 0.706 0.681
0.8 0.807 0.323 0.938 0.861
